ISS [Orbit 1589]
1 25544U 98067A   17130.54398598  .00016717  00000-0  10270-3 0  9000
2 25544  51.6421 225.9390 0005395 146.1820 213.9677 15.54014229 15896
ISS [Orbit 1599]
1 25544U 98067A   17131.18705992  .00016717  00000-0  10270-3 0  9012
2 25544  51.6417 222.7377 0004959 146.1861 213.9609 15.53995368 15998
ISS [Orbit 1614]
1 25544U 98067A   17132.15166687  .00016717  00000-0  10270-3 0  9023
2 25544  51.6405 217.9287 0004884 149.5686 210.5751 15.54020107 16140
ISS [Orbit 1620]
1 25544U 98067A   17132.53751028  .00016717  00000-0  10270-3 0  9035
2 25544  51.6411 216.0049 0005344 152.4463 207.6974 15.54000018 16201
ISS [Orbit 1632]
1 25544U 98067A   17133.30919458  .00016717  00000-0  10270-3 0  9045
2 25544  51.6386 212.1565 0005483 154.1122 206.0305 15.54010446 16327
ISS [Orbit 1647]
1 25544U 98067A   17134.27379635  .00016717  00000-0  10270-3 0  9050
2 25544  51.6386 207.3487 0005426 157.5734 202.5657 15.54021913 16477
ISS [Orbit 1659]
1 25544U 98067A   17135.04547556  .00016717  00000-0  10270-3 0  9066
2 25544  51.6416 203.5074 0004851 158.7454 201.3901 15.54010037 16591
ISS [Orbit 1674]
1 25544U 98067A   17136.01007109  .00016717  00000-0  10270-3 0  9070
2 25544  51.6409 198.7000 0004763 162.8192 197.3122 15.54040133 16740
ISS [Orbit 1690]
1 25544U 98067A   17137.03897223  .00016717  00000-0  10270-3 0  9088
2 25544  51.6407 193.5719 0004861 167.2526 192.8750 15.54036600 16906
ISS [Orbit 1704]
1 25544U 98067A   17137.93925912  .00016717  00000-0  10270-3 0  9095
2 25544  51.6412 189.0843 0004394 179.7714 180.3442 15.53853597 17045
ISS [Orbit 1720]
1 25544U 98067A   17138.96827561  .00016717  00000-0  10270-3 0  9102
2 25544  51.6412 183.9572 0004278 181.9221 178.1916 15.53867949 17201
ISS [Orbit 1735]
1 25544U 98067A   17139.93297680  .00016717  00000-0  10270-3 0  9114
2 25544  51.6411 179.1501 0004298 186.9996 173.1097 15.53862785 17359
ISS [Orbit 1748]
1 25544U 98067A   17140.76904989  .00016717  00000-0  10270-3 0  9125
2 25544  51.6387 174.9831 0004356 190.8041 169.3019 15.53879106 17480
ISS [Orbit 1763]
1 25544U 98067A   17141.73374777  .00016717  00000-0  10270-3 0  9130
2 25544  51.6390 170.1752 0004273 193.4762 166.6277 15.53856608 17636
ISS [Orbit 1779]
1 25544U 98067A   17142.76275634  .00016717  00000-0  10270-3 0  9147
2 25544  51.6386 165.0484 0004187 196.7930 163.3085 15.53859277 17796
ISS [Orbit 1794]
1 25544U 98067A   17143.72745012  .00016717  00000-0  10270-3 0  9157
2 25544  51.6382 160.2413 0004222 201.4489 158.6487 15.53857786 17947
ISS [Orbit 1810]
1 25544U 98067A   17144.75645412  .00016717  00000-0  10270-3 0  9165
2 25544  51.6390 155.1134 0004153 205.7769 154.3177 15.53873158 18109